0
100
45
100
50
55
21
25
100
100
100
100
100
100
100
100
100
100
100
100
100
100
100
100
45
53
12
100
100
100
100
100
100
100
100
100
-----------------------2-----------------------
0
100
100
10
10
100
100
100
100
100
100
100
100
100
100
100
100
100
100
100
100
100
100
17
6
100
100
100
100
100
100
22
100
100
100
------------------------3---------------------------
0
100
10
10
22
26
100
17
25
100
100
100
100
100
100
100
100
100
100
100
100
41
100
100
100
100
100
100
100
100
100
100
100
100
--------------------------4------------------------
0
100
100
100
100
17
100
100
24
100
100
100
100
100
100
100
100
24
20
100
100
100
100
100
100
100
15
100
4
100
26
100
100
---------------------------5------------------------
0
2
100
100
100
100
100
100
100
100
100
100
100
100
100
100
100
100
100
100
13
15
100
100
100
100
100
100
100
100
100
100
-------------------------6------------------------
0
100
100
100
100
20
100
100
100
100
100
5
100
100
100
100
100
100
100
100
100
100
100
100
100
100
100
4
100
100
100
---------------------------7----------------------------
0
4
100
15
100
100
100
100
100
100
100
100
100
100
100
100
100
100
100
100
100
100
100
100
100
100
100
100
100
100
--------------------------8---------------------
0
100
100
100
100
100
100
100
100
100
100
100
100
100
100
100
100
100
100
100
100
100
100
100
100
100
100
100
100
--------------------------9----------------------
0
100
100
100
100
100
100
100
100
100
100
100
100
100
100
100
100
100
100
100
100
100
100
21
100
100
100
100
---------------------------10-------------------------
0
100
100
100
100
100
100
100
100
100
100
100
100
100
100
100
100
100
100
100
100
100
100
100
100
100
100
----------------------------11--------------------------
0
100
6
100
3
6
13
100
100
100
100
100
100
100
100
100
100
100
100
100
100
100
100
100
100
100
------------------------12---------------------
0
100
100
100
100
100
8
100
100
5
10
100
50
100
100
100
100
100
100
100
28
100
34
100
100
-----------------13--------------------------
0
3
8
100
3
100
100
100
100
100
100
100
100
100
100
100
100
100
100
100
100
100
100
100
-----------------14--------------------
0
3
100
100
100
10
100
100
100
100
100
100
100
100
100
100
100
100
100
6
100
100
100
--------------------15--------------------
0
4
100
100
10
14
100
100
100
100
100
100
100
100
100
100
100
100
100
100
100
100
-------------------16-------------------------
0
100
100
100
10
100
100
100
100
100
100
100
100
100
100
100
100
100
100
100
100
------------------17--------------------
0
100
100
100
100
100
100
100
100
100
100
100
100
100
100
100
3
100
100
100
--------------18--------------------------
0
100
5
5
100
100
100
100
100
100
100
100
100
100
100
100
100
100
5
-----------------------19----------------
0
17
100
100
100
100
100
100
100
100
100
100
100
100
13
100
100
100
------------------------20-------------------
0
10
18
28
100
100
100
100
100
100
100
100
100
100
100
100
100
------------------21----------------------
0
3
100
45
100
100
100
100
100
100
100
24
100
36
100
100
------------------22------------------
0
2
100
100
100
100
100
100
100
100
100
100
100
100
100
--------------23----------------
0
100
100
100
100
100
100
100
100
100
100
100
100
100
-----------------24----------------
0
37
100
100
100
100
100
100
100
100
100
100
100
----------------25-------------------
0
5
33
100
100
100
100
100
100
100
100
100
---------------26----------------
0
36
100
100
100
100
100
100
100
100
100
--------------27-----------------
0
100
100
100
100
100
100
100
100
100
-------------28---------------
0
100
100
100
100
100
100
100
100
------------29----------------
0
100
100
100
100
100
100
100
------------30---------------
0
100
100
100
100
100
100
---------31------------------
0
100
100
100
100
100
----------------32-----------------
0
100
10
100
100
---------------33------------
0
100
100
100
-----------34---------
0
100
100
--------------35------------
0
100
----------------36-------------
0





